000;0;0;13/02/2015 13:46;000.000.000
300;0;10424;;;;;;A;2 POTES PM QUADRADOS REF 060;;UN;UN;1;1;7898913455603;7898913455603;0.000;0.000;1;0.00;0;0;0;0;0;;;0.0000;0.0000;0.0000;0.000000;0.000000;POTE;0;;0;
300;0;1172;;;;;;A;BALA  CANELA POTE S/PAPEL 200G;;CX;CX;1;1;7896731011568;7896731011568;0.000;0.000;1;0.00;0;0;0;0;0;;;0.0000;0.0000;0.0000;0.000000;0.000000;BALA CANELA POTE;0;;0;
300;0;9730;;;;;;A;BALA CAFÉ MASTIGÁVEL 200G;;UN;UN;1;1;7898084161051;7898084161051;0.000;0.000;1;0.00;0;0;0;0;0;;;0.0000;0.0000;0.0000;0.000000;0.000000;BALA;0;;0;
300;0;6082;;;;;;A;POTE TOPA TUDO TROPICAL REF 605;;UN;UN;1;1;7898578586056;7898578586056;0.000;0.000;1;0.00;0;0;0;0;0;;;0.0000;0.0000;0.0000;0.000000;0.000000;POTE;0;;0;
300;0;9361;;;;;;A;VASO NAPOLIS G BLACK WHITE REF 2268;;UN;UN;1;1;0000000000000000411;0000000000000000411;0.000;0.000;1;0.00;0;0;0;0;0;;;0.0000;0.0000;0.0000;0.000000;0.000000;VASO;0;;0;
308;0;1;10424;000001;0;0
308;0;1;1172;000001;0;0
308;0;1;9730;000001;0;0
308;0;1;6082;000001;0;0
308;0;1;9361;000001;0;0
309;0;0;LISTA DE PREÇOS 01;20130309;20161010;;;;;;;;;;;;;;2;0;0
310;0;1172;0;2.99;0.00;2.99;0;0;0
310;0;6082;0;3.90;0.00;3.90;0;0;0
310;0;9361;0;27.90;0.00;27.90;0;0;0
310;0;9730;0;2.50;0.00;2.50;0;0;0
310;0;10424;0;3.00;0.00;3.00;0;0;0
999
